           freq              Su              Sv              Sw
       0.000556        3.471373        1.202047        0.158030
       0.001111        3.478320        1.218302        0.158353
       0.001667        3.485028        1.221298        0.155908
       0.002222        3.517916        1.218437        0.154359
       0.002778        3.552782        1.199019        0.155105
       0.003333        3.545632        1.159546        0.155194
       0.003889        3.525373        1.130423        0.154136
       0.004444        3.500392        1.123989        0.152350
       0.005000        3.479581        1.124218        0.151250
       0.005556        3.474382        1.120781        0.150392
       0.006111        3.490981        1.110911        0.149627
       0.006667        3.496874        1.101423        0.150792
       0.007222        3.484712        1.090389        0.152446
       0.007778        3.479095        1.085347        0.151459
       0.008333        3.484028        1.090828        0.150041
       0.008889        3.483630        1.099305        0.149040
       0.009444        3.438572        1.112333        0.148288
       0.010000        3.361655        1.124280        0.148268
       0.010556        3.307210        1.128699        0.147367
       0.011111        3.298579        1.127045        0.144985
       0.011667        3.283832        1.121628        0.143208
       0.012222        3.271873        1.107048        0.143826
       0.012778        3.262646        1.099598        0.145481
       0.013333        3.228641        1.109710        0.147253
       0.013889        3.219899        1.115507        0.148568
       0.014444        3.217864        1.103183        0.150514
       0.015000        3.158112        1.081270        0.151696
       0.015556        3.064001        1.074714        0.151473
       0.016111        3.046940        1.074375        0.154065
       0.016667        3.070186        1.062530        0.153626
       0.017222        3.031844        1.043743        0.148222
       0.017778        3.007374        1.017250        0.146252
       0.018333        2.999466        1.000209        0.147479
       0.018889        2.980647        1.001600        0.147522
       0.019444        2.914936        0.993255        0.146370
       0.020000        2.776268        0.980296        0.144593
       0.020556        2.608416        0.978074        0.143141
       0.021111        2.494174        0.976605        0.142268
       0.021667        2.472634        0.976318        0.141489
       0.022222        2.496586        0.974079        0.143484
       0.022778        2.517373        0.975078        0.145492
       0.023333        2.514690        0.977161        0.146340
       0.023889        2.514141        0.975987        0.148388
       0.024444        2.519863        0.981396        0.149905
       0.025000        2.526220        0.988026        0.150968
       0.025556        2.527026        0.990176        0.151797
       0.026111        2.524866        0.993709        0.152224
       0.026667        2.520128        0.996740        0.152746
       0.027222        2.511639        0.998702        0.153439
       0.027778        2.501144        0.996128        0.153879
       0.028333        2.502352        0.994104        0.154137
       0.028889        2.485793        0.994129        0.154835
       0.029444        2.384765        0.992114        0.157313
       0.030000        2.234289        0.995205        0.158910
       0.030556        2.106251        0.995020        0.157919
       0.031111        2.042443        0.994967        0.156573
       0.031667        2.023032        0.996100        0.155278
       0.032222        2.009411        0.982141        0.156905
       0.032778        1.987155        0.959785        0.157843
       0.033333        1.955848        0.941653        0.152685
       0.033889        1.949521        0.925686        0.149907
       0.034444        1.909915        0.917147        0.152879
       0.035000        1.816188        0.906044        0.155467
       0.035556        1.752532        0.879675        0.156299
       0.036111        1.738413        0.863637        0.156517
       0.036667        1.716150        0.867062        0.157846
       0.037222        1.674219        0.873173        0.159363
       0.037778        1.651394        0.867993        0.160207
       0.038333        1.628185        0.850952        0.158833
       0.038889        1.601980        0.836767        0.155853
       0.039444        1.577115        0.830297        0.153852
       0.040000        1.516841        0.827897        0.152766
       0.040556        1.442956        0.830629        0.152402
       0.041111        1.399749        0.834379        0.152010
       0.041667        1.382102        0.834066        0.151858
       0.042222        1.367894        0.824173        0.150720
       0.042778        1.359390        0.809368        0.149749
       0.043333        1.341008        0.797997        0.150457
       0.043889        1.312090        0.784571        0.151319
       0.044444        1.308040        0.772223        0.151156
       0.045000        1.311395        0.770728        0.149444
       0.045556        1.283850        0.771138        0.148313
       0.046111        1.250649        0.766160        0.147811
       0.046667        1.226703        0.741303        0.149009
       0.046985        1.215251        0.715392        0.149703
       0.047747        1.194613        0.658375        0.152543
       0.048522        1.181414        0.654346        0.155034
       0.049309        1.180804        0.641069        0.156137
       0.050109        1.170689        0.622534        0.158387
       0.050922        1.154988        0.585295        0.158910
       0.051748        1.144445        0.569066        0.159058
       0.052588        1.085119        0.564846        0.159085
       0.053441        1.057191        0.553692        0.159026
       0.054308        1.047010        0.556614        0.159830
       0.055189        1.028383        0.554747        0.158901
       0.056085        1.005169        0.556755        0.160327
       0.056995        0.972905        0.553833        0.159621
       0.057919        0.999544        0.535373        0.157791
       0.058859        0.985613        0.518790        0.156106
       0.059814        0.991179        0.504714        0.158810
       0.060784        0.992643        0.489542        0.161556
       0.061771        0.985848        0.471263        0.161110
       0.062773        0.965394        0.465284        0.159283
       0.063791        0.950763        0.455654        0.157026
       0.064826        0.940744        0.445078        0.153402
       0.065878        0.925563        0.437267        0.151527
       0.066947        0.867422        0.424917        0.146668
       0.068033        0.834286        0.424918        0.146562
       0.069137        0.823293        0.422852        0.146023
       0.070259        0.814132        0.424675        0.146302
       0.071399        0.809402        0.419947        0.148327
       0.072557        0.760984        0.410469        0.148491
       0.073734        0.729280        0.408462        0.148570
       0.074930        0.724570        0.401988        0.147626
       0.076146        0.718225        0.395419        0.148176
       0.077382        0.703846        0.388725        0.148087
       0.078637        0.688245        0.383241        0.145440
       0.079913        0.650367        0.376396        0.140841
       0.081209        0.609672        0.355432        0.142308
       0.082527        0.592382        0.347921        0.138508
       0.083866        0.568541        0.340856        0.133724
       0.085227        0.544207        0.337091        0.130793
       0.086610        0.545469        0.336825        0.130528
       0.088015        0.541018        0.331832        0.128919
       0.089443        0.546942        0.329113        0.128462
       0.090894        0.544069        0.322665        0.129313
       0.092369        0.545096        0.316180        0.126236
       0.093867        0.550031        0.315911        0.127564
       0.095390        0.532111        0.308537        0.130470
       0.096938        0.516904        0.297729        0.130032
       0.098511        0.519942        0.302791        0.127681
       0.100109        0.511250        0.297035        0.123297
       0.101733        0.515787        0.283746        0.124599
       0.103384        0.514535        0.277478        0.125157
       0.105061        0.501728        0.272381        0.126737
       0.106766        0.496473        0.268884        0.125941
       0.108498        0.449333        0.264531        0.127759
       0.110258        0.436420        0.258941        0.123523
       0.112047        0.406618        0.259810        0.118301
       0.113865        0.398378        0.259696        0.117356
       0.115712        0.381023        0.260297        0.122195
       0.117590        0.379663        0.255735        0.125889
       0.119498        0.357541        0.243819        0.123503
       0.121437        0.343566        0.235596        0.124776
       0.123407        0.337510        0.229904        0.124718
       0.125409        0.336967        0.241242        0.127051
       0.127444        0.337054        0.244216        0.130609
       0.129511        0.334308        0.235223        0.132117
       0.131613        0.326159        0.225678        0.127370
       0.133748        0.314031        0.220432        0.130112
       0.135918        0.314619        0.221853        0.133228
       0.138123        0.314740        0.210536        0.132650
       0.140364        0.309493        0.208315        0.134481
       0.142642        0.314960        0.206896        0.138058
       0.144956        0.305848        0.206995        0.134588
       0.147308        0.295044        0.212398        0.127745
       0.149698        0.290224        0.207658        0.129230
       0.152127        0.257820        0.203143        0.125701
       0.154595        0.245270        0.203892        0.122995
       0.157103        0.246421        0.195682        0.126255
       0.159652        0.241878        0.189934        0.127478
       0.162242        0.237778        0.187328        0.132510
       0.164875        0.233670        0.181097        0.133268
       0.167550        0.227237        0.178340        0.128171
       0.170268        0.225417        0.175226        0.124270
       0.173031        0.224189        0.175209        0.122204
       0.175838        0.205561        0.158618        0.116349
       0.178691        0.205953        0.160700        0.116050
       0.181590        0.201691        0.159068        0.118998
       0.184536        0.192289        0.154132        0.115170
       0.187530        0.189585        0.150497        0.112312
       0.190573        0.175861        0.145621        0.110842
       0.193665        0.164287        0.141154        0.104755
       0.196807        0.164114        0.134902        0.103468
       0.200000        0.164309        0.131868        0.098562
       0.203245        0.168814        0.131455        0.099100
       0.206542        0.162046        0.126595        0.095768
       0.209894        0.152843        0.125521        0.090469
       0.213299        0.148235        0.124461        0.085752
       0.216760        0.146363        0.120715        0.082270
       0.220277        0.143614        0.121758        0.081823
       0.223850        0.138636        0.119284        0.076876
       0.227482        0.135186        0.115252        0.073457
       0.231173        0.129991        0.107391        0.070194
       0.234924        0.122900        0.106270        0.064995
       0.238735        0.116025        0.104530        0.064999
       0.242609        0.120184        0.102146        0.067614
       0.246545        0.120338        0.097455        0.072378
       0.250545        0.111593        0.094146        0.073925
       0.254610        0.108027        0.086268        0.074511
       0.258741        0.106356        0.088494        0.073699
       0.262939        0.102896        0.082739        0.070527
       0.267205        0.099126        0.080075        0.070874
       0.271540        0.096224        0.076883        0.070278
       0.275946        0.095539        0.080857        0.069540
       0.280423        0.086641        0.082656        0.067321
       0.284973        0.085778        0.084142        0.065743
       0.289596        0.084234        0.083669        0.061435
       0.294295        0.076439        0.085456        0.055317
       0.299070        0.073647        0.082632        0.049704
       0.303922        0.067387        0.084109        0.048817
       0.308853        0.066231        0.083008        0.046057
       0.313864        0.065230        0.085618        0.045988
       0.318956        0.073923        0.085958        0.043211
       0.324131        0.074505        0.084975        0.044061
       0.329390        0.074343        0.078136        0.043885
       0.334734        0.075460        0.076347        0.044030
       0.340165        0.073468        0.073798        0.042886
       0.345684        0.074020        0.072281        0.042563
       0.351293        0.075843        0.068462        0.043265
       0.356993        0.072140        0.064368        0.043699
       0.362785        0.070161        0.062181        0.046400
       0.368671        0.060580        0.060547        0.046579
       0.374652        0.053949        0.058250        0.046454
       0.380731        0.051188        0.058892        0.044910
       0.386908        0.051083        0.053519        0.045578
       0.393185        0.047123        0.052387        0.047145
       0.399565        0.045604        0.052117        0.046493
       0.406047        0.044265        0.055135        0.046099
       0.412635        0.042208        0.052439        0.042341
       0.419330        0.040996        0.050945        0.040874
       0.426134        0.041001        0.049601        0.039878
       0.433048        0.037789        0.047722        0.039154
       0.440074        0.033974        0.050217        0.036259
       0.447214        0.034859        0.051438        0.034604
       0.454469        0.034370        0.052483        0.030615
       0.461843        0.034962        0.053800        0.030629
       0.469336        0.032979        0.056195        0.030052
       0.476951        0.032891        0.056734        0.028582
       0.484689        0.034445        0.061445        0.029098
       0.492553        0.035611        0.058724        0.029057
       0.500545        0.036907        0.053915        0.028916
       0.508666        0.037410        0.048745        0.031576
       0.516919        0.037514        0.042740        0.032017
       0.525306        0.036610        0.038766        0.034393
       0.533828        0.034138        0.033786        0.034754
       0.542490        0.033247        0.033684        0.035762
       0.551291        0.028978        0.034497        0.035497
       0.560236        0.026504        0.035943        0.032524
       0.569325        0.026324        0.038593        0.029141
       0.578562        0.025121        0.036757        0.026864
       0.587949        0.024900        0.032932        0.026415
       0.597489        0.023131        0.028295        0.023877
       0.607183        0.021404        0.029716        0.024500
       0.617034        0.019721        0.027791        0.025746
       0.627045        0.020487        0.027955        0.023566
       0.637219        0.020514        0.031404        0.021619
       0.647557        0.022206        0.031044        0.022416
       0.658063        0.025725        0.027159        0.021535
       0.668740        0.027429        0.030237        0.022801
       0.679590        0.026358        0.030017        0.024659
       0.690616        0.026104        0.027703        0.025823
       0.701821        0.025197        0.025258        0.023752
       0.713208        0.023283        0.023460        0.023494
       0.724780        0.022024        0.020958        0.020365
       0.736539        0.020129        0.021321        0.017798
       0.748489        0.017930        0.024963        0.018117
       0.760633        0.016492        0.025028        0.019579
       0.772974        0.017239        0.025285        0.020112
       0.785515        0.018492        0.024988        0.021748
       0.798260        0.018922        0.022558        0.020617
       0.811211        0.018529        0.021828        0.018413
       0.824373        0.016601        0.020489        0.017490
       0.837748        0.014825        0.019700        0.014812
       0.851340        0.015219        0.018111        0.013905
       0.865153        0.015109        0.018058        0.012833
       0.879189        0.015591        0.019838        0.013399
       0.893454        0.015411        0.019340        0.014808
       0.907950        0.014471        0.020764        0.015039
       0.922681        0.015016        0.019824        0.014671
       0.937651        0.015050        0.019483        0.014704
       0.952864        0.015133        0.017546        0.013893
       0.968324        0.012563        0.014838        0.013588
       0.984034        0.011714        0.014133        0.012429
       1.000000        0.011400        0.014627        0.013279
       1.016225        0.012253        0.014734        0.014554
       1.032712        0.011873        0.013378        0.014405
       1.049468        0.011110        0.012978        0.013164
       1.066495        0.010702        0.013086        0.012161
       1.083798        0.011130        0.012635        0.011666
       1.101383        0.011114        0.012139        0.011316
       1.119252        0.011069        0.011819        0.010929
       1.137411        0.011103        0.011726        0.010463
       1.155865        0.011162        0.011530        0.009897
       1.174619        0.010509        0.010897        0.009849
       1.193677        0.009332        0.011403        0.009495
       1.213044        0.008702        0.011279        0.009356
       1.232725        0.007971        0.012401        0.009369
       1.252725        0.007371        0.012957        0.009859
       1.273050        0.007639        0.011872        0.009247
       1.293705        0.008222        0.010028        0.010001
       1.314695        0.007811        0.009239        0.010546
       1.336025        0.008354        0.009581        0.010195
       1.357702        0.008987        0.010894        0.008920
       1.379730        0.008201        0.010511        0.007647
       1.402115        0.006875        0.009574        0.007264
       1.424864        0.006256        0.009703        0.008247
       1.447982        0.005787        0.009161        0.009207
       1.471475        0.005642        0.008024        0.008177
       1.495349        0.005779        0.007749        0.006748
       1.519610        0.005513        0.007645        0.007332
       1.544265        0.005566        0.008155        0.007795
       1.569320        0.006174        0.009266        0.007870
       1.594782        0.006270        0.009374        0.007824
       1.620657        0.005131        0.007647        0.006797
       1.646951        0.004600        0.006132        0.005192
       1.673672        0.005055        0.008004        0.005076
       1.700827        0.005505        0.008511        0.006145
       1.728422        0.005434        0.006419        0.006538
       1.756465        0.004952        0.005970        0.006756
       1.784963        0.005483        0.005957        0.006628
       1.813923        0.004794        0.005337        0.005427
       1.843353        0.004564        0.005172        0.005526
       1.873261        0.004516        0.005354        0.006334
       1.903654        0.004315        0.005452        0.004790
       1.934540        0.004396        0.005708        0.004952
       1.965927        0.003755        0.005486        0.005328
       1.997823        0.003575        0.005674        0.005023
       2.030237        0.003566        0.005759        0.004340
       2.063177        0.003361        0.004285        0.005128
       2.096651        0.003667        0.004351        0.005172
       2.130669        0.003230        0.004655        0.004183
       2.165238        0.002992        0.004871        0.005165
       2.200368        0.003300        0.004647        0.004835
       2.236068        0.003523        0.005100        0.003874
       2.272347        0.003460        0.005557        0.004156
       2.309215        0.003247        0.004219        0.004309
       2.346681        0.002641        0.003509        0.003794
       2.384755        0.002769        0.003352        0.004192
       2.423447        0.003250        0.004257        0.004529
       2.462766        0.002941        0.004647        0.004286
       2.502724        0.002953        0.004040        0.003224
       2.543329        0.002790        0.004204        0.003070
       2.584594        0.002695        0.003327        0.003048
       2.626528        0.002243        0.003570        0.003384
       2.669142        0.002336        0.003440        0.003372
       2.712448        0.002195        0.004120        0.003270
       2.756456        0.002458        0.003311        0.003059
       2.801179        0.002404        0.003399        0.003225
       2.846627        0.002341        0.003104        0.003031
       2.892812        0.002299        0.002879        0.003041
       2.939747        0.002288        0.003346        0.002602
       2.987443        0.001999        0.002746        0.002910
       3.035913        0.001797        0.002749        0.002706
       3.085169        0.002063        0.002571        0.002703
       3.135225        0.001552        0.002664        0.001973
       3.186093        0.001579        0.001913        0.002147
       3.237786        0.001721        0.002278        0.002140
       3.290317        0.001630        0.002007        0.002019
       3.343702        0.001606        0.002083        0.001964
       3.397952        0.001576        0.002390        0.002379
       3.453082        0.001781        0.002027        0.002039
       3.509107        0.001668        0.001878        0.001872
       3.566041        0.001507        0.001704        0.001932
       3.623898        0.001195        0.001653        0.002018
       3.682695        0.001532        0.001707        0.002388
       3.742445        0.001291        0.001740        0.001666
       3.803164        0.001210        0.001910        0.001798
       3.864869        0.001055        0.001663        0.001424
       3.927575        0.001290        0.001143        0.001926
       3.991298        0.001389        0.001669        0.001450
       4.056056        0.001242        0.001496        0.001284
       4.121863        0.001058        0.001392        0.001749
       4.188739        0.001162        0.001819        0.001294
       4.256700        0.000993        0.002080        0.001585
       4.325763        0.000870        0.001529        0.001544
       4.395947        0.000940        0.001257        0.001185
       4.467269        0.000915        0.001249        0.001172
       4.539749        0.001113        0.001261        0.001208
       4.613404        0.000937        0.000983        0.001312
       4.688255        0.000879        0.001529        0.001233
       4.764320        0.000898        0.001269        0.001082
       4.841619        0.000947        0.001063        0.001062
       4.920172        0.000834        0.000905        0.001098
       5.000000        0.000826        0.001121        0.001552
