  year  month    day   time    Ta002     U010   ust005      wT005
  2008      5      5   0.25    12.67     3.60    0.198    -0.0340
  2008      5      5   0.75    12.50     3.32    0.198    -0.0371
  2008      5      5   1.25    12.03     3.46    0.174    -0.0286
  2008      5      5   1.75    11.87     3.86    0.228    -0.0392
  2008      5      5   2.25    11.53     4.36    0.256    -0.0407
  2008      5      5   2.75    11.00     4.23    0.286    -0.0402
  2008      5      5   3.25    10.43     3.76    0.254    -0.0356
  2008      5      5   3.75    10.00     3.61    0.199    -0.0315
  2008      5      5   4.25     9.73     3.17    0.209    -0.0289
  2008      5      5   4.75     9.97     3.08    0.205    -0.0233
  2008      5      5   5.25    10.83     3.47    0.227    -0.0120
  2008      5      5   5.75    11.97     3.52    0.250    -0.0013
  2008      5      5   6.25    12.80     4.03    0.221     0.0098
  2008      5      5   6.75    13.33     4.20    0.287     0.0228
  2008      5      5   7.25    14.23     4.39    0.313     0.0413
  2008      5      5   7.75    15.13     4.50    0.306     0.0400
  2008      5      5   8.25    15.97     4.42    0.285     0.0477
  2008      5      5   8.75    16.73     4.20    0.267     0.0612
  2008      5      5   9.25    17.27     4.58    0.307     0.0811
  2008      5      5   9.75    17.77     5.50    0.339     0.0689
  2008      5      5  10.25    18.23     5.40    0.363     0.0801
  2008      5      5  10.75    18.60     5.13    0.349     0.0890
  2008      5      5  11.25    18.90     4.85    0.295     0.0805
  2008      5      5  11.75    19.30     5.28    0.368     0.0920
  2008      5      5  12.25    19.33     5.42    0.396     0.0874
  2008      5      5  12.75    19.60     6.34    0.396     0.0742
  2008      5      5  13.25    20.03     5.10    0.366     0.0713
  2008      5      5  13.75    20.23     5.66    0.327     0.0674
  2008      5      5  14.25    20.53     4.93    0.327     0.0496
  2008      5      5  14.75    20.60     4.95    0.337     0.0513
  2008      5      5  15.25    20.57     4.78    0.296     0.0373
  2008      5      5  15.75    20.50     4.76    0.301     0.0259
  2008      5      5  16.25    20.30     4.78    0.307     0.0077
  2008      5      5  16.75    20.17     3.90    0.288    -0.0057
  2008      5      5  17.25    19.87     3.50    0.231    -0.0173
  2008      5      5  17.75    19.47     2.98    0.196    -0.0215
  2008      5      5  18.25    18.77     2.48    0.127    -0.0178
  2008      5      5  18.75    18.03     2.00    0.057    -0.0148
  2008      5      5  19.25    16.87     2.22    0.066    -0.0144
  2008      5      5  19.75    16.20     2.31    0.055    -0.0097
  2008      5      5  20.25    15.83     2.66    0.097    -0.0180
  2008      5      5  20.75    15.73     2.96    0.134    -0.0304
  2008      5      5  21.25    15.27     3.25    0.158    -0.0346
  2008      5      5  21.75    15.30     3.16    0.175    -0.0361
  2008      5      5  22.25    15.43     3.62    0.224    -0.0435
  2008      5      5  22.75    15.27     3.45    0.253    -0.0463
  2008      5      5  23.25    14.90     3.57    0.203    -0.0369
  2008      5      5  23.75    14.57     3.42    0.204    -0.0333
  2008      5      6   0.25    14.27     3.70    0.238    -0.0361
  2008      5      6   0.75    13.80     3.53    0.230    -0.0338
  2008      5      6   1.25    13.37     3.33    0.219    -0.0339
  2008      5      6   1.75    12.83     3.11    0.169    -0.0227
  2008      5      6   2.25    12.33     2.91    0.154    -0.0219
  2008      5      6   2.75    11.43     2.81    0.115    -0.0159
  2008      5      6   3.25    10.83     2.87    0.098    -0.0154
  2008      5      6   3.75    10.87     2.85    0.121    -0.0153
  2008      5      6   4.25    11.00     2.62    0.119    -0.0151
  2008      5      6   4.75    11.20     2.84    0.152    -0.0157
  2008      5      6   5.25    12.03     2.75    0.150    -0.0075
  2008      5      6   5.75    13.20     3.17    0.170    -0.0016
  2008      5      6   6.25    14.23     3.17    0.249     0.0129
  2008      5      6   6.75    15.07     3.28    0.245     0.0240
  2008      5      6   7.25    15.87     3.59    0.254     0.0306
  2008      5      6   7.75    16.97     3.39    0.244     0.0483
  2008      5      6   8.25    17.87     3.73    0.238     0.0661
  2008      5      6   8.75    18.73     3.66    0.273     0.0657
  2008      5      6   9.25    19.47     4.02    0.280     0.0748
  2008      5      6   9.75    20.17     4.58    0.326     0.0694
  2008      5      6  10.25    20.47     5.71    0.360     0.0832
  2008      5      6  10.75    20.87     5.48    0.375     0.0763
  2008      5      6  11.25    21.27     5.46    0.348     0.0813
  2008      5      6  11.75    21.60     6.02    0.406     0.0845
  2008      5      6  12.25    21.87     5.65    0.372     0.0833
  2008      5      6  12.75    22.13     5.17    0.357     0.0877
  2008      5      6  13.25    22.23     5.05    0.353     0.0793
  2008      5      6  13.75    22.37     5.29    0.385     0.0752
  2008      5      6  14.25    22.53     5.01    0.326     0.0612
  2008      5      6  14.75    22.63     4.81    0.325     0.0431
  2008      5      6  15.25    22.60     4.98    0.345     0.0274
  2008      5      6  15.75    22.47     4.68    0.258     0.0208
  2008      5      6  16.25    22.43     4.07    0.248     0.0021
  2008      5      6  16.75    22.23     4.15    0.280    -0.0105
  2008      5      6  17.25    21.90     3.80    0.238    -0.0167
  2008      5      6  17.75    21.47     3.10    0.191    -0.0227
  2008      5      6  18.25    20.93     3.46    0.215    -0.0337
  2008      5      6  18.75    20.07     3.18    0.181    -0.0318
  2008      5      6  19.25    19.20     3.10    0.203    -0.0436
  2008      5      6  19.75    18.47     3.23    0.190    -0.0357
  2008      5      6  20.25    17.87     3.11    0.173    -0.0309
  2008      5      6  20.75    17.33     2.88    0.173    -0.0312
  2008      5      6  21.25    16.67     3.26    0.185    -0.0336
  2008      5      6  21.75    16.23     3.06    0.166    -0.0329
  2008      5      6  22.25    16.07     3.04    0.183    -0.0350
  2008      5      6  22.75    15.53     2.83    0.190    -0.0365
  2008      5      6  23.25    14.70     3.10    0.204    -0.0331
  2008      5      6  23.75    13.90     2.88    0.167    -0.0284
  2008      5      7   0.25    13.50     3.11    0.174    -0.0283
  2008      5      7   0.75    13.03     3.72    0.211    -0.0306
  2008      5      7   1.25    12.73     3.78    0.188    -0.0273
  2008      5      7   1.75    12.23     3.54    0.217    -0.0280
  2008      5      7   2.25    11.93     3.56    0.218    -0.0297
  2008      5      7   2.75    11.63     3.40    0.202    -0.0250
  2008      5      7   3.25    11.43     3.18    0.156    -0.0228
  2008      5      7   3.75    11.23     3.24    0.170    -0.0241
  2008      5      7   4.25    11.53     3.01    0.135    -0.0195
  2008      5      7   4.75    11.90     2.91    0.126    -0.0130
  2008      5      7   5.25    12.40     2.72    0.192    -0.0128
  2008      5      7   5.75    13.13     2.98    0.220    -0.0024
  2008      5      7   6.25    14.10     3.02    0.198     0.0111
  2008      5      7   6.75    15.23     2.88    0.199     0.0284
  2008      5      7   7.25    16.23     3.47      NaN        NaN
  2008      5      7   7.75    17.07     3.58    0.274     0.0492
  2008      5      7   8.25    17.87     3.69    0.269     0.0577
  2008      5      7   8.75    18.93     3.37    0.198     0.0671
  2008      5      7   9.25    19.83     3.13    0.206     0.0848
  2008      5      7   9.75    20.60     3.40    0.233     0.0872
  2008      5      7  10.25    21.27     3.35    0.231     0.0898
  2008      5      7  10.75    22.07     4.23    0.302     0.0911
  2008      5      7  11.25    22.47     4.40    0.331     0.0925
  2008      5      7  11.75    22.80     3.97    0.271     0.0889
  2008      5      7  12.25    22.97     3.77    0.211     0.0944
  2008      5      7  12.75    23.13     3.63    0.207     0.0831
  2008      5      7  13.25    23.33     3.41    0.247     0.0920
  2008      5      7  13.75    23.40     4.03    0.215     0.0596
  2008      5      7  14.25    23.53     3.08      NaN     0.0610
  2008      5      7  14.75    23.47     3.31    0.220     0.0583
  2008      5      7  15.25    23.47     3.46    0.255     0.0370
  2008      5      7  15.75    23.43     3.00    0.225     0.0229
  2008      5      7  16.25    23.37     2.67    0.185     0.0135
  2008      5      7  16.75    23.13     2.89    0.167    -0.0020
  2008      5      7  17.25    22.63     2.59    0.161    -0.0117
  2008      5      7  17.75    22.03     2.44    0.125    -0.0128
  2008      5      7  18.25    21.20     2.11    0.099    -0.0110
  2008      5      7  18.75    20.73     1.93    0.073    -0.0090
  2008      5      7  19.25    19.87     2.05    0.087    -0.0133
  2008      5      7  19.75    19.10     2.29    0.083    -0.0134
  2008      5      7  20.25    18.47     2.14    0.085    -0.0096
  2008      5      7  20.75    17.77     2.22    0.078    -0.0117
  2008      5      7  21.25    17.23     2.38    0.095    -0.0143
  2008      5      7  21.75    16.83     2.47    0.075    -0.0093
  2008      5      7  22.25    16.40     2.29    0.096    -0.0156
  2008      5      7  22.75    16.10     2.57    0.104    -0.0122
  2008      5      7  23.25    15.77     2.34    0.108    -0.0256
  2008      5      7  23.75    14.47     2.46    0.098    -0.0130
  2008      5      8   0.25    14.17     2.64    0.141    -0.0221
  2008      5      8   0.75    13.70     3.03    0.156    -0.0239
  2008      5      8   1.25    13.57     2.58    0.142    -0.0209
  2008      5      8   1.75    13.53     2.57    0.128    -0.0192
  2008      5      8   2.25    13.37     2.95    0.137    -0.0216
  2008      5      8   2.75    12.93     3.11    0.187    -0.0228
  2008      5      8   3.25    12.63     3.03    0.159    -0.0224
  2008      5      8   3.75    12.40     3.05    0.171    -0.0229
  2008      5      8   4.25    11.97     3.00    0.185    -0.0241
  2008      5      8   4.75    12.10     2.81    0.161    -0.0159
  2008      5      8   5.25    12.90     3.33    0.201    -0.0114
  2008      5      8   5.75    13.97     4.04    0.245    -0.0039
  2008      5      8   6.25    14.80     4.61    0.284     0.0119
  2008      5      8   6.75    15.83     3.80    0.246     0.0200
  2008      5      8   7.25    16.97     3.79    0.268     0.0388
  2008      5      8   7.75    18.23     3.71    0.258     0.0485
  2008      5      8   8.25    19.30     3.86    0.270     0.0561
  2008      5      8   8.75    20.43     3.40    0.264     0.0681
  2008      5      8   9.25    21.23     3.92    0.282     0.0551
  2008      5      8   9.75    22.00     4.07    0.251     0.0619
  2008      5      8  10.25    22.40     4.71    0.327     0.1019
  2008      5      8  10.75    22.57     5.54    0.349     0.0826
  2008      5      8  11.25    22.80     5.83    0.379     0.0839
  2008      5      8  11.75    22.93     5.94    0.337     0.0762
  2008      5      8  12.25    23.30     4.23    0.321     0.0718
  2008      5      8  12.75    23.37     5.15    0.383     0.0863
  2008      5      8  13.25    23.53     4.49    0.322     0.0742
  2008      5      8  13.75    23.67     5.46    0.370     0.0641
  2008      5      8  14.25    23.67     5.44    0.351     0.0454
  2008      5      8  14.75    23.67     4.52    0.335     0.0426
  2008      5      8  15.25    23.63     4.88    0.347     0.0269
  2008      5      8  15.75    23.60     4.66    0.299     0.0079
  2008      5      8  16.25    23.43     4.37    0.287    -0.0040
  2008      5      8  16.75    23.13     4.33    0.324    -0.0205
  2008      5      8  17.25    22.83     3.91    0.318    -0.0316
  2008      5      8  17.75    22.33     3.24    0.183    -0.0247
  2008      5      8  18.25    21.63     3.07    0.158    -0.0278
  2008      5      8  18.75    20.60     2.17    0.120    -0.0177
  2008      5      8  19.25    19.73     2.51    0.145    -0.0255
  2008      5      8  19.75    19.03     2.45    0.126    -0.0225
  2008      5      8  20.25    18.53     2.53    0.132    -0.0257
  2008      5      8  20.75    17.97     2.65    0.127    -0.0245
  2008      5      8  21.25    17.80     3.12    0.189    -0.0359
  2008      5      8  21.75    17.47     3.17    0.194    -0.0362
  2008      5      8  22.25    16.87     3.24    0.196    -0.0351
  2008      5      8  22.75    16.57     3.29    0.192    -0.0341
  2008      5      8  23.25    15.93     2.93    0.146    -0.0251
  2008      5      8  23.75    15.33     2.76    0.156    -0.0288
  2008      5      9   0.25    14.90     2.80    0.143    -0.0249
  2008      5      9   0.75    14.50     2.76    0.125    -0.0191
  2008      5      9   1.25    14.17     3.14    0.121    -0.0184
  2008      5      9   1.75    13.57     2.79    0.119    -0.0181
  2008      5      9   2.25    12.93     3.08    0.143    -0.0241
  2008      5      9   2.75    12.73     3.35    0.147    -0.0250
  2008      5      9   3.25    12.50     3.39    0.139    -0.0222
  2008      5      9   3.75    12.57     3.71    0.170    -0.0250
  2008      5      9   4.25    12.80     3.85    0.195    -0.0292
  2008      5      9   4.75    13.10     3.52    0.180    -0.0197
  2008      5      9   5.25    13.87     3.55    0.208    -0.0150
  2008      5      9   5.75    14.70     3.72    0.228    -0.0047
  2008      5      9   6.25    15.73     3.78    0.208     0.0077
  2008      5      9   6.75    16.87     4.12    0.289     0.0228
  2008      5      9   7.25    17.90     4.29    0.287     0.0281
  2008      5      9   7.75    19.03     3.78    0.277     0.0411
  2008      5      9   8.25    20.30     3.53    0.265     0.0596
  2008      5      9   8.75    21.07     4.09    0.264     0.0645
  2008      5      9   9.25    22.00     4.27    0.280     0.0719
  2008      5      9   9.75    22.87     4.37    0.305     0.0669
  2008      5      9  10.25    23.43     5.00    0.332     0.0825
  2008      5      9  10.75    23.77     6.25    0.374     0.0853
  2008      5      9  11.25    24.10     6.76    0.391     0.0921
  2008      5      9  11.75    24.37     6.54    0.430     0.0742
  2008      5      9  12.25    24.57     6.41    0.393     0.0741
  2008      5      9  12.75    24.90     5.81    0.380     0.0593
  2008      5      9  13.25    24.97     5.45    0.383     0.0569
  2008      5      9  13.75    25.10     5.49    0.380     0.0598
  2008      5      9  14.25    25.30     5.15    0.364     0.0491
  2008      5      9  14.75    25.23     5.28    0.375     0.0295
  2008      5      9  15.25    25.20     4.69    0.283     0.0192
  2008      5      9  15.75    25.07     4.27    0.295     0.0071
  2008      5      9  16.25    24.90     4.63    0.294    -0.0108
  2008      5      9  16.75    24.67     3.94    0.281    -0.0206
  2008      5      9  17.25    24.33     3.05    0.221    -0.0235
  2008      5      9  17.75    23.73     2.91    0.178    -0.0247
  2008      5      9  18.25    23.10     2.39    0.135    -0.0194
  2008      5      9  18.75    22.20     1.84    0.058    -0.0074
  2008      5      9  19.25    21.30     2.04    0.078    -0.0092
  2008      5      9  19.75    20.43     2.43    0.135    -0.0277
  2008      5      9  20.25    19.77     2.25    0.077    -0.0111
  2008      5      9  20.75    19.17     2.55    0.092    -0.0165
  2008      5      9  21.25    18.47     2.33    0.104    -0.0167
  2008      5      9  21.75    18.07     2.69    0.125    -0.0199
  2008      5      9  22.25    17.53     2.69    0.120    -0.0183
  2008      5      9  22.75    17.40     2.94    0.157    -0.0286
  2008      5      9  23.25    17.13     3.07    0.170    -0.0288
  2008      5      9  23.75    16.60     2.85    0.157    -0.0262
  2008      5     10   0.25    16.07     2.94    0.120    -0.0174
  2008      5     10   0.75    15.77     2.94    0.110    -0.0181
  2008      5     10   1.25    15.43     3.33    0.138    -0.0235
  2008      5     10   1.75    15.13     3.09    0.153    -0.0252
  2008      5     10   2.25    14.60     2.96    0.111    -0.0157
  2008      5     10   2.75    14.43     3.07    0.104    -0.0138
  2008      5     10   3.25    13.97     3.00    0.119    -0.0186
  2008      5     10   3.75    14.00     3.46    0.185    -0.0278
  2008      5     10   4.25    14.00     3.57    0.191    -0.0294
  2008      5     10   4.75    14.27     3.72    0.190    -0.0213
  2008      5     10   5.25    14.87     3.83    0.214    -0.0145
  2008      5     10   5.75    15.70     3.27    0.200    -0.0039
  2008      5     10   6.25    16.77     3.45    0.208     0.0079
  2008      5     10   6.75    17.63     3.56    0.240     0.0228
  2008      5     10   7.25    18.70     3.37    0.236     0.0371
  2008      5     10   7.75    19.63     2.92    0.222     0.0613
  2008      5     10   8.25    20.60     2.60    0.191     0.0597
  2008      5     10   8.75    21.60     2.48    0.208     0.0634
  2008      5     10   9.25    22.73     2.66    0.168     0.0703
  2008      5     10   9.75    23.80     2.74    0.252     0.0968
  2008      5     10  10.25    24.63     3.26    0.284     0.0965
  2008      5     10  10.75    25.00     3.86    0.268     0.0780
  2008      5     10  11.25    25.27     4.26    0.282     0.0699
  2008      5     10  11.75    25.50     4.34    0.289     0.0706
  2008      5     10  12.25    25.63     4.42    0.292     0.0661
  2008      5     10  12.75    25.63     4.53    0.308     0.0643
  2008      5     10  13.25    25.73     4.36    0.311     0.0567
  2008      5     10  13.75    25.67     3.46    0.223     0.0497
  2008      5     10  14.25    25.73     3.50    0.241     0.0478
  2008      5     10  14.75    25.67     3.27    0.226     0.0500
  2008      5     10  15.25    25.63     3.88    0.231     0.0200
  2008      5     10  15.75    25.53     3.45    0.218     0.0149
  2008      5     10  16.25    25.30     3.49    0.222     0.0006
  2008      5     10  16.75    25.07     3.00    0.193    -0.0081
  2008      5     10  17.25    24.70     2.57    0.178    -0.0140
  2008      5     10  17.75    23.97     2.39    0.120    -0.0137
  2008      5     10  18.25    23.30     2.09    0.119    -0.0153
  2008      5     10  18.75    22.70     1.54      NaN    -0.0034
  2008      5     10  19.25    21.00     1.58    0.031    -0.0073
  2008      5     10  19.75    19.97     2.11    0.072    -0.0135
  2008      5     10  20.25    20.27     2.85    0.149    -0.0304
  2008      5     10  20.75    19.90     2.66    0.132    -0.0280
  2008      5     10  21.25    19.33     2.37    0.085    -0.0098
  2008      5     10  21.75    18.80     2.57    0.129    -0.0243
  2008      5     10  22.25    18.10     2.65    0.140    -0.0304
  2008      5     10  22.75    17.63     3.31    0.232    -0.0517
  2008      5     10  23.25    17.73     3.54    0.217    -0.0423
  2008      5     10  23.75    17.30     3.66    0.218    -0.0445
